City;Stavanger;Bangkok;Johannesburg;Los Angeles;Wellington;Sidney;Tokyo;Nairobi
Stavanger;0;8980;9703;8467;17926;16266;8674;7240
Bangkok;8980;0;9009;13318;9758;7545;4608;7218
Johannesburg;9703;9009;0;16693;11778;11053;13554;2928
Los Angeles;8467;13318;16693;0;10825;12087;8825;15562
Wellington;17926;9758;11778;10825;0;2228;9287;13680
Sidney;16266;7545;11053;12087;2228;0;7835;12165
Tokyo;8674;4608;13554;8825;9287;7835;0;11264
Nairobi;7240;7218;2928;15562;13680;12165;11264;0
